20 34
1 40.0 16.0 15.00000
2 43.0 1.0 5.00000
3 3.0 27.0 8.00000
4 39.0 17.0 3.00000
5 44.0 13.0 2.00000
6 40.0 39.0 1.00000
7 39.0 13.0 10.00000
8 6.0 22.0 3.00000
9 29.0 18.0 14.00000
10 28.0 14.0 13.00000
11 44.0 60.0 9.00000
12 18.0 64.0 9.00000
13 17.0 63.0 15.00000
14 4.0 66.0 20.00000
15 19.0 79.0 19.00000
16 20.0 79.0 3.00000
17 33.0 60.0 6.00000
18 45.0 95.0 15.00000
19 6.0 60.0 12.00000
20 32.0 72.0 3.00000
1 13
1 14
1 18
1 19
2 13
2 16
2 19
3 14
3 16
3 18
3 20
4 11
4 13
4 15
4 16
4 17
4 19
5 12
5 17
5 19
5 20
6 17
6 18
6 20
7 18
8 11
8 14
8 17
9 11
9 14
9 18
10 11
10 16
10 20
