20 35
1 11.0 4.0 13.00000
2 39.0 33.0 2.00000
3 13.0 27.0 2.00000
4 49.0 25.0 11.00000
5 41.0 25.0 13.00000
6 31.0 35.0 8.00000
7 24.0 8.0 8.00000
8 47.0 15.0 9.00000
9 12.0 21.0 1.00000
10 36.0 2.0 2.00000
11 33.0 95.0 3.00000
12 16.0 88.0 4.00000
13 35.0 81.0 13.00000
14 23.0 71.0 17.00000
15 28.0 64.0 6.00000
16 43.0 83.0 19.00000
17 33.0 90.0 3.00000
18 48.0 98.0 7.00000
19 49.0 98.0 7.00000
20 34.0 71.0 19.00000
1 11
1 15
1 16
1 18
2 11
2 14
2 18
2 19
3 16
3 17
4 11
4 16
4 17
5 11
5 12
5 19
6 11
6 13
6 20
7 11
7 18
8 11
8 12
8 13
8 15
8 17
8 20
9 11
9 12
9 15
10 11
10 13
10 14
10 17
10 18
