20 36
1 4.0 31.0 12.00000
2 31.0 10.0 8.00000
3 0.0 1.0 5.00000
4 12.0 36.0 8.00000
5 3.0 12.0 13.00000
6 4.0 15.0 5.00000
7 2.0 8.0 12.00000
8 18.0 33.0 6.00000
9 10.0 14.0 15.00000
10 22.0 22.0 9.00000
11 23.0 93.0 11.00000
12 26.0 92.0 17.00000
13 39.0 97.0 20.00000
14 17.0 76.0 12.00000
15 0.0 88.0 7.00000
16 37.0 92.0 10.00000
17 5.0 64.0 17.00000
18 20.0 89.0 11.00000
19 14.0 75.0 20.00000
20 8.0 75.0 2.00000
1 16
1 17
1 19
1 20
2 12
2 16
3 11
3 12
3 16
3 18
3 20
4 14
4 15
4 20
5 14
6 11
6 13
6 14
6 16
6 17
6 18
6 20
7 11
7 13
7 20
8 19
9 11
9 12
9 13
9 18
9 19
10 11
10 13
10 15
10 19
10 20
